199 319
200 340
203 360
209 379
218 398
229 416
242 432
257 444
276 447
295 444
311 433
325 417
335 399
343 379
347 358
349 336
348 316
216 286
224 274
236 270
250 269
262 274
281 273
294 268
308 268
320 274
329 284
272 292
272 302
273 311
273 321
259 341
266 343
274 344
282 343
289 341
231 300
237 295
247 294
255 299
247 300
238 301
292 298
299 293
309 294
316 300
308 301
300 300
253 388
257 368
268 359
275 361
282 359
293 367
299 387
294 407
284 417
275 418
267 417
257 407
257 386
268 368
275 368
282 368
295 386
282 405
275 406
268 405
199 251 154 155