243 260
243 281
245 301
249 319
257 337
267 352
280 365
295 376
311 379
327 375
340 365
352 350
364 333
373 316
379 297
381 277
381 259
258 234
266 223
278 220
292 221
305 226
329 226
341 220
353 218
365 220
372 229
317 248
318 261
319 274
320 287
302 300
310 302
318 303
326 301
334 299
271 252
279 247
288 246
296 252
288 254
279 255
337 251
345 245
354 245
361 250
354 253
346 253
291 334
300 325
311 320
317 321
323 319
332 324
337 334
331 343
323 349
315 350
308 349
298 344
296 333
310 328
316 329
323 328
333 333
322 337
315 338
309 338
233 199 155 155