273 176
274 195
276 214
283 232
294 248
307 262
321 273
335 280
350 282
363 277
376 267
389 254
400 239
409 222
413 203
413 183
411 164
287 152
295 142
308 137
323 138
336 144
354 141
366 134
379 130
393 132
401 142
347 159
347 170
348 180
349 192
333 206
341 207
350 208
357 206
365 204
303 164
310 160
319 159
327 164
319 165
311 166
365 161
372 154
380 153
389 156
382 159
373 160
319 234
331 227
342 223
348 224
355 222
364 225
374 228
365 241
357 248
349 250
342 250
330 245
324 233
342 229
348 229
355 228
370 229
355 238
348 240
342 240
267 113 155 155