238 246
238 269
241 293
248 316
256 338
267 362
282 383
299 399
321 403
343 399
361 386
377 366
390 344
400 321
405 297
408 272
407 248
254 216
263 203
277 197
294 198
309 204
329 203
345 198
361 197
376 203
386 217
319 225
319 239
320 252
320 266
302 285
311 288
320 290
330 288
338 287
270 233
279 227
289 227
298 232
289 233
279 234
343 232
352 227
362 228
370 234
362 235
352 234
295 337
301 317
312 309
320 311
329 310
342 318
348 339
342 359
330 370
320 371
311 369
300 357
300 335
312 319
320 319
329 319
344 338
329 355
320 356
312 354
218 177 186 186