237 243
237 267
238 292
243 315
252 338
264 359
279 379
296 393
317 397
337 394
354 381
371 362
386 340
397 318
404 293
406 267
406 243
256 222
264 211
279 207
294 209
308 215
330 214
345 208
360 206
374 210
383 220
321 237
321 253
321 268
321 284
301 297
310 300
320 303
329 300
338 298
271 239
279 236
288 236
297 240
288 241
279 241
343 240
352 236
361 237
369 240
361 242
353 242
290 336
300 327
311 322
319 325
328 323
339 328
349 338
339 353
328 360
318 361
309 360
298 352
295 336
311 331
319 331
327 331
344 338
327 347
318 348
310 346
218 177 186 186