284 251
284 269
287 289
292 307
300 323
311 340
323 354
336 365
352 368
370 365
386 355
401 340
412 323
422 304
427 284
429 263
429 243
296 224
301 214
312 210
324 210
336 214
357 212
370 207
384 205
397 210
406 219
347 233
347 244
347 255
346 266
332 281
339 282
348 284
356 282
364 281
308 240
315 236
323 235
331 238
323 240
315 241
369 237
377 234
386 234
393 237
386 238
378 238
328 321
333 307
343 301
349 302
355 300
367 306
373 319
367 334
356 341
349 342
342 342
333 335
332 320
343 309
349 309
355 309
369 319
355 330
348 331
342 330
267 182 155 155