254 247
254 270
257 293
264 315
273 337
284 360
298 382
314 398
336 402
358 398
376 383
391 362
403 339
411 316
416 291
417 267
416 244
271 221
279 208
293 204
309 204
323 209
343 209
358 204
372 203
386 208
395 219
334 229
334 243
334 256
334 271
316 286
325 289
334 292
344 290
353 288
286 235
294 231
303 231
312 234
304 235
295 236
357 234
366 231
376 231
383 235
375 236
367 236
306 332
313 316
326 309
334 312
344 310
357 317
365 335
358 358
345 369
335 370
325 369
313 355
310 332
326 319
335 319
344 319
361 334
344 356
334 357
325 355
239 177 185 186