252 247
251 269
254 291
261 313
270 335
280 358
294 379
310 395
330 400
352 396
370 382
385 361
398 339
408 317
413 293
415 269
414 246
266 219
274 207
288 202
303 203
317 208
338 208
353 203
369 202
383 206
393 218
327 229
327 243
327 256
327 271
309 285
318 288
328 291
339 289
349 286
280 235
288 231
297 231
306 234
297 235
288 235
352 234
361 231
371 232
379 235
371 235
362 235
296 327
305 312
319 307
329 309
339 307
355 313
365 329
355 354
340 367
329 368
317 366
304 351
301 328
319 315
329 315
339 315
360 329
339 355
329 356
318 354
239 177 185 186