181 250
181 270
182 290
187 310
196 328
207 345
220 361
235 374
253 378
273 374
291 362
306 346
318 326
327 306
331 284
332 262
331 242
194 221
200 210
211 205
224 205
237 209
256 207
270 203
285 202
298 207
308 217
247 227
248 238
248 248
248 259
234 276
241 278
250 280
259 278
267 276
208 235
214 231
222 230
230 233
223 234
215 235
270 232
278 229
286 230
294 233
286 233
278 233
227 318
233 302
244 296
251 298
260 296
273 303
283 319
274 335
261 343
252 344
243 343
233 334
232 317
244 304
252 305
260 305
278 318
260 331
251 332
243 331
164 182 155 155