260 195
261 218
264 241
271 264
281 285
293 307
307 326
322 341
341 345
362 340
379 326
396 306
410 285
421 261
428 236
430 210
430 185
273 167
282 156
295 154
310 155
324 160
346 158
361 153
377 150
391 153
402 162
338 182
338 196
339 209
339 223
320 240
329 243
338 245
348 243
356 241
287 185
296 180
306 180
315 187
307 188
296 189
360 186
369 178
380 179
389 184
381 187
371 188
312 284
319 269
331 264
338 266
346 264
360 270
369 284
360 306
348 315
338 316
329 315
319 304
316 283
331 272
338 273
346 273
364 284
346 302
337 303
330 301
239 115 185 186