269 191
269 212
270 233
274 253
282 272
293 290
308 305
323 317
342 320
362 317
380 307
397 292
411 273
422 254
428 231
430 208
431 186
282 158
290 146
303 140
318 139
331 145
358 145
371 139
386 139
399 144
409 154
346 169
346 180
346 191
345 203
329 220
336 222
345 224
354 222
362 221
298 177
306 172
316 171
325 176
316 177
306 178
367 175
377 170
386 170
395 175
386 177
377 177
317 262
325 247
337 241
344 242
352 241
364 247
372 263
364 279
352 287
343 288
334 287
323 279
322 261
336 249
344 250
352 250
367 262
352 275
343 276
335 275
267 130 155 155