283 250
283 269
286 288
292 306
300 323
310 340
322 356
335 369
352 373
371 370
387 357
403 341
416 322
425 303
430 282
431 260
429 239
294 224
299 212
310 207
322 206
334 210
357 208
370 202
385 201
399 206
408 216
347 229
347 240
346 251
346 262
331 276
339 278
348 280
357 278
365 277
307 236
314 234
322 233
330 235
322 236
315 237
369 234
378 231
386 231
394 233
387 234
378 234
324 315
331 301
341 295
349 297
357 295
371 301
380 316
371 335
358 345
349 346
340 344
330 334
328 315
342 303
349 303
357 303
375 316
357 333
348 334
341 333
267 182 155 155