338 185
337 208
337 231
341 255
348 279
359 303
373 325
388 343
411 350
434 347
455 332
474 311
490 288
502 264
510 239
512 213
513 188
353 155
361 143
375 140
389 142
403 148
432 148
447 143
463 142
478 147
487 158
417 170
417 183
416 196
415 210
396 226
405 229
414 232
424 230
434 229
368 175
377 171
387 171
396 175
387 176
377 176
442 178
452 174
463 175
472 180
463 180
452 180
382 271
390 253
404 248
414 250
425 249
440 257
448 278
439 301
423 313
411 314
399 311
387 296
386 272
404 257
413 258
424 258
443 277
423 299
411 300
401 297
321 115 186 186