264 196
264 217
266 240
273 262
282 283
294 305
307 326
321 342
340 347
362 343
381 328
399 308
413 285
425 262
431 236
432 210
432 185
275 166
283 156
295 153
309 154
323 159
347 158
362 152
377 150
392 153
403 163
336 180
336 194
336 207
336 221
318 236
327 240
337 242
347 240
356 238
290 185
298 182
307 182
316 186
308 186
298 187
361 185
370 181
380 182
389 185
380 186
371 187
310 278
318 264
330 259
338 261
347 259
363 265
373 279
363 303
349 314
338 315
328 313
317 301
315 278
330 267
338 268
347 268
368 280
347 301
337 302
329 300
239 115 185 186