269 175
270 198
273 221
278 244
289 266
302 287
318 307
334 323
357 327
379 322
398 308
415 288
429 265
439 242
443 217
444 191
442 167
284 140
291 129
304 125
319 125
333 129
359 127
373 121
390 119
404 124
415 134
347 151
347 164
348 176
348 189
332 209
340 211
350 213
360 210
370 209
300 160
308 155
318 154
327 159
318 160
308 161
373 157
382 152
392 152
401 157
393 158
383 159
324 258
329 238
343 230
352 232
362 230
378 238
386 258
380 282
365 294
353 295
343 294
330 280
328 257
344 240
352 240
362 240
382 257
363 281
353 282
343 280
259 95 186 185