280 175
280 198
281 221
285 243
294 264
306 285
320 304
335 321
354 326
376 323
396 310
415 293
432 272
445 248
452 222
454 195
454 170
293 141
301 129
314 125
330 125
345 129
369 128
386 122
403 121
419 126
430 138
357 152
357 165
356 177
356 191
340 211
348 212
358 214
367 213
377 211
309 161
318 156
328 155
337 160
328 162
318 162
383 159
393 154
404 155
414 160
404 162
394 161
333 260
338 241
350 233
357 235
367 233
381 241
390 261
382 280
368 290
357 291
348 290
337 279
338 259
350 243
358 244
367 243
385 260
367 275
357 276
349 275
259 95 186 185