329 243
329 264
331 286
336 306
345 324
356 341
369 357
381 369
397 373
413 371
428 360
443 343
457 326
469 306
476 285
479 262
480 241
347 218
354 207
366 203
380 203
392 208
414 208
428 203
442 202
455 206
463 216
404 228
404 239
404 249
404 261
388 277
395 279
403 280
411 279
418 278
362 232
370 229
378 228
386 232
378 233
370 234
424 232
433 229
441 230
448 234
441 235
432 234
379 318
386 304
396 298
402 300
409 298
420 305
425 320
418 337
408 346
400 346
392 345
383 336
383 318
396 306
402 306
409 307
421 319
407 333
400 334
394 333
319 182 155 155