278 177
278 199
279 223
285 245
295 265
308 285
322 305
337 321
357 326
378 321
398 307
417 289
433 267
444 244
450 218
452 192
451 167
292 142
300 129
313 125
328 125
342 129
366 128
382 122
399 120
415 125
426 137
354 151
354 164
354 177
354 190
338 209
346 211
356 213
366 211
375 209
308 160
316 156
326 155
335 158
326 160
317 161
381 157
390 153
400 154
409 158
400 159
391 159
332 257
337 239
349 232
357 233
366 231
381 238
390 257
382 278
367 289
357 291
347 289
336 278
336 256
349 241
357 241
366 241
385 256
366 276
357 277
348 275
259 95 186 185