308 256
308 277
310 298
316 318
327 335
340 349
355 361
369 370
384 373
400 369
413 360
427 347
437 332
446 314
451 296
452 276
451 257
328 227
335 216
348 212
361 214
373 221
391 223
403 218
416 218
428 223
435 234
382 240
382 251
382 262
382 273
368 288
375 290
382 291
388 290
395 289
342 242
349 238
357 238
365 243
357 244
349 244
399 246
406 242
415 243
422 247
415 249
406 248
357 321
367 312
377 307
382 309
388 307
398 312
405 321
398 331
389 336
382 337
376 337
366 332
362 321
377 315
382 316
388 315
401 320
388 326
382 327
377 326
302 199 155 155