264 198
265 222
268 247
276 271
285 295
298 319
313 341
330 358
353 364
376 360
397 345
414 324
428 300
438 275
443 249
445 222
444 196
280 167
290 155
304 153
320 154
335 160
360 159
376 153
394 151
409 155
421 166
347 182
347 198
347 214
347 231
328 245
338 249
348 252
359 249
370 246
296 187
305 184
316 184
326 188
315 189
305 190
375 189
385 185
396 185
406 188
396 190
385 190
321 293
327 276
340 269
350 272
360 269
376 277
385 295
377 319
362 332
351 333
340 331
327 317
325 293
341 279
350 279
360 279
380 295
361 317
350 318
340 316
259 136 186 186