262 221
263 245
266 270
272 295
282 318
296 341
312 362
330 378
353 384
377 379
396 363
413 342
427 320
437 296
442 270
444 243
443 218
279 192
289 181
303 179
318 181
333 186
361 185
376 179
393 177
408 181
419 191
346 209
346 226
346 242
346 260
328 273
337 276
347 279
358 276
368 274
294 212
304 208
315 208
324 214
314 215
303 215
373 214
383 208
395 208
404 213
395 215
384 216
318 314
326 302
340 298
349 300
359 298
375 304
387 316
377 339
360 351
349 352
339 350
325 337
323 315
340 306
349 307
359 307
382 317
359 337
349 339
339 336
259 157 186 185