210 222
209 247
210 271
215 293
225 314
240 331
258 345
274 356
291 360
308 357
324 345
339 330
355 314
367 296
374 274
378 253
379 232
237 202
246 190
261 186
276 187
291 193
315 194
329 188
344 187
358 191
366 204
302 218
301 233
301 248
301 264
284 278
292 279
299 282
307 280
315 279
252 220
261 216
271 216
280 222
271 224
261 223
322 222
332 216
342 216
349 221
341 225
332 225
267 305
279 302
291 300
297 302
304 301
315 305
325 312
313 319
301 324
293 324
286 322
276 316
271 305
290 307
297 308
304 308
320 312
302 313
294 314
288 312
197 157 186 185