104 271
105 289
107 307
113 324
123 342
135 358
148 373
162 385
180 389
200 385
221 375
239 359
255 341
265 319
269 296
268 271
266 248
110 237
115 227
124 223
135 222
146 225
168 218
183 210
199 206
216 208
230 216
160 239
160 250
159 262
159 273
150 291
158 293
166 294
175 291
184 288
123 253
129 248
137 246
147 249
138 251
131 252
188 242
197 237
206 236
216 238
207 240
198 242
144 327
150 316
160 311
168 312
176 309
194 312
210 323
197 343
182 351
172 353
164 352
153 344
149 327
162 319
169 319
178 317
205 324
179 340
171 341
163 340
74 177 185 186