209 240
209 262
212 285
218 306
229 326
240 344
255 361
270 373
288 378
306 374
321 363
335 347
347 328
356 309
362 288
365 266
364 245
231 211
240 200
254 196
269 198
282 204
301 205
314 201
329 200
341 205
349 216
290 224
290 235
290 246
290 257
274 276
281 278
290 279
298 278
306 277
245 228
253 224
263 223
271 229
262 230
253 229
311 231
319 226
329 227
336 232
328 233
319 232
265 323
271 303
283 296
290 298
298 296
308 304
313 324
308 343
298 352
289 353
280 352
270 342
269 321
282 305
290 305
297 305
308 322
297 339
289 340
281 339
216 182 155 155