283 258
282 278
283 300
286 320
293 338
302 356
315 372
328 384
345 388
363 386
379 376
394 361
408 343
419 324
426 303
429 281
430 260
298 230
306 221
318 219
331 221
344 226
365 226
378 221
391 220
404 222
413 231
354 245
354 257
355 269
354 281
336 295
344 297
352 300
361 298
370 296
312 248
319 246
328 246
335 249
328 250
319 250
375 250
384 247
392 249
399 251
392 253
384 252
327 334
334 322
345 317
351 319
359 317
370 323
375 337
368 350
357 357
348 358
341 357
332 349
331 334
344 325
351 325
359 325
371 335
357 345
349 346
342 345
267 199 155 155