268 244
268 265
270 287
276 308
286 326
298 344
313 359
327 369
345 373
362 370
378 359
392 345
404 328
414 309
420 289
422 268
422 247
287 214
295 202
308 196
323 197
336 203
356 204
370 199
386 200
399 207
406 220
346 224
346 234
345 245
345 256
330 274
337 276
345 277
353 276
360 276
302 228
311 224
319 223
327 228
319 229
310 229
366 231
375 226
384 228
391 232
384 233
375 233
321 316
327 300
338 293
345 295
352 294
362 302
368 318
362 333
352 340
343 341
335 339
326 331
325 315
338 302
344 302
352 303
363 317
351 328
343 328
336 327
267 182 155 155