250 251
249 272
251 293
256 314
265 333
276 352
289 368
303 380
320 383
338 379
354 366
369 349
383 331
393 310
398 288
400 266
398 244
267 232
275 222
287 219
300 221
313 227
331 226
342 218
356 213
369 212
380 220
320 243
320 259
319 273
319 288
304 300
312 302
321 304
330 301
338 298
279 248
286 245
295 244
303 249
295 251
286 251
341 245
349 239
358 238
366 240
359 244
350 246
293 333
301 323
312 319
320 320
328 317
340 319
350 325
341 341
330 350
321 353
312 353
301 346
298 332
312 327
320 326
328 325
346 326
329 339
320 341
312 341
250 199 155 155