289 256
288 276
289 297
294 317
302 336
311 354
324 369
338 381
356 386
373 383
389 373
405 359
418 343
429 324
435 304
438 283
438 262
306 226
314 214
327 209
341 210
353 216
377 217
390 212
404 212
416 219
422 231
366 238
366 248
366 258
366 269
350 286
357 288
364 289
371 288
378 288
321 241
330 236
339 237
346 243
338 243
329 243
384 245
393 240
402 241
409 247
402 248
393 247
332 324
342 309
355 304
362 306
370 305
380 312
386 330
378 345
367 353
358 353
350 352
338 343
336 323
354 311
361 312
369 313
382 328
367 342
359 342
351 341
285 199 154 155