335 264
334 285
335 306
340 326
347 344
357 363
369 381
382 396
400 402
419 399
435 386
450 369
463 349
474 330
480 309
482 288
483 267
353 246
361 236
373 233
386 234
398 240
418 240
431 236
445 235
457 240
465 250
407 258
407 269
407 280
407 292
388 302
396 305
405 309
415 307
423 305
367 259
375 258
383 258
390 261
382 260
375 260
427 262
436 261
444 262
451 264
443 264
436 264
377 336
386 325
397 321
405 324
414 323
426 329
433 342
425 362
412 371
402 371
393 369
383 357
382 337
397 329
404 330
413 331
429 342
412 358
403 359
395 357
319 216 155 155