331 263
331 282
332 300
338 319
348 335
360 350
374 363
387 374
402 377
417 373
430 362
445 349
457 334
467 316
471 297
472 276
471 256
342 242
348 231
359 227
372 227
384 233
402 233
415 228
430 227
443 232
451 243
392 251
392 261
392 271
392 283
379 294
386 297
394 298
402 296
409 295
356 254
363 251
371 251
378 254
371 256
363 255
413 255
421 252
429 252
437 255
429 256
421 256
371 324
379 317
389 313
396 314
403 313
414 316
425 323
415 336
405 343
397 343
389 342
379 336
375 324
389 317
396 318
403 317
420 322
404 334
396 335
388 334
319 199 155 155