280 262
280 282
283 303
289 322
297 340
307 358
318 375
331 388
348 393
366 389
382 377
397 361
411 342
421 321
427 299
429 276
428 254
292 231
298 220
309 217
321 217
333 221
355 220
368 214
382 212
395 216
404 225
345 239
345 251
345 262
344 274
331 291
338 293
346 294
354 293
361 291
304 246
311 242
320 241
328 245
320 247
312 247
366 244
374 240
383 240
391 244
384 245
375 245
327 334
330 317
340 310
346 311
354 310
365 317
372 334
366 353
354 362
346 363
338 362
330 352
330 333
340 318
346 318
354 318
368 333
353 350
346 351
339 350
267 199 155 155