297 308
297 326
299 346
303 365
311 383
322 401
334 419
348 432
366 436
385 432
401 419
414 402
425 383
433 363
437 343
437 322
437 302
310 283
316 271
327 267
340 267
352 271
373 270
385 266
399 265
411 271
419 281
363 289
363 300
363 310
364 321
348 335
356 337
364 339
373 338
381 336
323 295
330 291
338 291
345 295
338 295
330 296
383 295
390 291
399 292
406 295
399 296
391 296
339 374
346 360
357 354
365 356
373 355
387 361
394 376
387 396
374 406
364 407
356 405
345 394
343 374
358 361
365 362
373 362
390 375
373 395
364 396
356 394
285 251 154 155