311 306
310 326
311 347
316 367
323 386
332 405
344 421
358 433
375 438
393 435
409 425
423 410
435 393
445 375
451 355
454 334
455 314
327 277
334 266
346 263
359 264
370 270
390 270
403 267
416 267
427 272
434 283
381 288
380 297
379 306
378 316
364 334
370 336
377 337
385 337
392 337
340 292
347 288
355 288
362 293
355 293
347 293
399 295
407 292
415 293
422 298
415 298
406 297
354 378
359 359
370 352
376 354
384 353
394 362
399 382
393 400
383 409
374 409
366 408
357 397
357 377
370 360
376 361
383 361
395 380
382 398
375 398
368 397
302 251 155 155