187 316
188 336
191 356
196 375
206 392
219 406
235 420
249 428
266 430
281 426
293 414
306 399
317 382
325 364
329 345
330 326
328 308
207 299
214 290
225 287
238 287
249 292
268 290
280 285
292 283
303 284
311 292
260 308
261 321
262 334
263 347
247 357
255 359
263 361
271 358
278 356
220 312
226 310
234 309
242 311
234 313
227 314
278 309
286 306
293 306
300 307
293 310
286 310
238 381
247 376
256 373
263 375
269 372
278 373
287 377
280 388
272 394
264 396
256 396
247 391
241 381
257 379
263 380
270 378
283 378
270 385
263 387
256 386
181 251 155 155