279 258
280 277
282 295
287 313
293 329
302 344
315 355
329 363
347 365
366 364
383 357
398 345
409 330
417 313
421 294
424 275
425 257
293 232
299 221
311 217
325 218
337 223
358 222
371 216
385 214
398 218
407 229
347 239
347 250
346 261
346 273
330 288
338 289
346 290
354 289
362 288
306 246
313 243
322 242
330 245
322 246
314 247
368 245
377 241
386 242
393 245
385 246
377 246
322 317
330 308
338 303
346 306
353 304
363 309
373 318
363 323
353 325
345 326
338 325
330 322
326 316
339 312
346 313
353 312
369 317
353 315
345 316
338 315
267 199 155 155