267 276
267 296
267 317
270 337
280 355
293 370
308 383
324 392
341 395
358 392
371 381
382 367
394 351
402 333
407 315
410 296
410 278
286 254
295 244
309 241
322 243
335 249
361 250
373 246
385 244
397 246
403 256
348 269
349 283
350 296
351 310
330 318
338 321
347 324
356 322
363 319
299 270
308 267
317 267
325 272
316 273
307 272
366 274
376 270
385 270
392 274
384 276
376 276
310 337
324 334
338 332
347 334
355 332
366 334
375 339
365 353
354 360
344 362
335 361
321 353
315 338
337 339
346 340
355 339
371 339
354 350
345 351
336 350
267 216 155 155