265 204
265 223
267 242
271 260
279 276
289 290
302 302
317 310
336 313
354 310
370 303
383 291
393 276
401 259
405 240
408 222
409 204
282 177
290 169
302 167
314 170
326 175
345 175
357 171
370 169
382 171
391 179
335 192
335 205
335 217
335 230
319 242
327 244
335 246
344 245
351 243
293 195
301 192
309 192
317 196
309 197
301 197
356 197
364 193
373 194
380 197
372 199
364 199
310 268
319 262
329 259
335 261
343 260
353 264
362 270
352 275
343 277
335 278
327 277
319 274
314 268
329 267
335 268
343 268
357 270
342 267
335 268
328 267
250 148 155 154