266 198
265 216
265 235
268 253
275 269
286 284
298 297
313 306
330 309
349 308
365 300
379 289
391 274
399 258
404 239
407 220
408 202
281 175
289 167
300 166
312 169
323 174
343 175
355 170
368 169
380 171
388 180
333 191
332 204
332 216
331 228
315 239
323 241
331 244
339 243
347 241
292 192
299 190
307 191
314 194
307 195
299 195
353 196
361 193
369 194
377 197
369 198
361 198
306 265
315 259
323 256
330 259
337 257
347 261
356 267
346 272
337 274
329 275
322 274
314 270
311 265
323 264
330 265
337 265
351 267
337 265
329 265
323 264
250 148 155 154