234 248
233 272
236 296
242 319
252 340
266 359
281 376
297 388
316 391
335 388
351 376
366 360
380 340
392 320
399 297
402 273
402 250
254 228
264 219
278 218
292 220
306 227
329 227
343 221
357 218
370 219
380 229
318 247
318 263
317 278
317 294
298 304
307 308
317 311
326 308
335 305
267 248
276 245
286 245
295 249
286 251
276 251
340 249
349 244
359 245
367 248
359 251
350 251
288 335
298 328
309 325
316 327
324 325
335 328
345 334
336 346
326 352
316 354
308 353
298 346
293 335
309 333
316 334
324 333
340 334
325 340
316 342
309 341
218 177 186 186