253 251
253 273
256 295
262 316
269 336
280 355
294 370
311 380
331 383
350 381
368 372
384 359
397 343
407 324
413 302
416 279
416 256
271 228
281 219
294 217
309 219
321 226
346 225
359 220
372 218
385 220
394 230
335 243
335 258
335 272
334 286
314 299
323 301
332 304
342 302
350 301
284 246
292 243
301 243
311 248
302 249
292 249
356 249
365 244
374 245
382 249
374 251
365 251
301 331
312 324
322 320
330 323
339 321
349 325
360 332
349 338
339 342
329 343
321 342
311 337
306 330
322 328
330 330
339 329
355 332
338 331
329 332
322 330
239 177 185 186