272 241
271 265
273 288
279 309
287 330
299 349
313 365
329 376
350 380
371 378
389 369
406 355
420 337
430 316
436 294
439 271
440 249
293 220
303 211
317 209
331 213
343 220
369 221
383 215
397 214
410 217
419 227
356 239
356 254
355 269
355 285
333 295
343 299
353 302
364 300
373 298
306 239
315 237
324 237
333 242
324 243
315 242
378 244
388 240
397 241
406 244
397 246
388 246
321 324
333 319
345 317
353 320
362 318
373 321
385 327
373 333
361 337
351 337
343 336
332 330
326 324
344 325
352 326
361 326
380 326
361 326
352 327
344 325
259 177 186 186