234 260
235 280
237 300
243 319
253 336
265 350
279 362
294 371
311 373
328 370
341 360
353 346
363 330
370 312
375 293
377 274
376 256
254 237
261 227
274 224
287 225
299 231
320 230
332 224
344 222
356 224
364 234
311 246
312 259
312 272
313 285
295 297
303 298
312 300
320 299
327 297
267 250
275 248
283 247
290 250
283 252
275 252
330 250
338 247
346 247
353 250
346 251
338 251
285 327
295 319
304 315
312 316
319 314
328 318
336 325
328 332
319 335
311 335
303 335
295 332
290 326
304 323
312 323
319 323
331 325
319 324
311 325
304 324
233 199 155 155