150 237
149 261
151 286
156 310
166 333
181 354
197 372
215 385
235 388
257 384
274 373
292 358
307 339
319 318
324 294
327 270
328 246
174 220
184 211
197 210
211 213
224 218
250 218
264 212
279 210
293 211
303 221
235 238
234 254
233 270
232 286
216 295
224 298
233 301
243 299
253 296
187 240
196 236
206 236
215 242
205 242
196 242
262 241
272 237
282 237
290 240
282 243
272 243
202 324
211 317
224 314
232 316
241 315
255 319
266 329
255 344
242 350
232 351
222 349
211 341
206 325
224 322
232 323
241 323
261 329
241 338
232 339
223 337
135 177 186 186