268 202
268 223
272 245
277 265
285 284
295 302
308 317
324 327
344 329
366 327
385 319
403 306
417 289
427 269
431 246
433 223
434 200
280 174
288 164
300 162
314 164
327 169
350 167
364 162
380 159
395 162
407 171
338 186
338 200
337 214
336 228
321 244
330 246
338 247
348 246
357 245
294 192
302 188
311 188
320 193
311 194
302 195
364 192
374 187
384 187
394 191
384 194
374 194
313 276
322 268
332 264
338 266
347 264
360 269
373 276
360 283
348 286
339 287
331 286
322 282
318 275
332 274
339 275
347 274
368 276
347 274
338 275
331 274
239 136 185 186