271 195
271 216
273 236
276 256
284 274
298 290
314 302
331 312
349 314
367 310
381 298
393 282
403 266
411 247
415 229
417 210
417 192
284 170
295 161
308 159
323 161
336 167
364 167
376 162
388 160
400 160
408 168
352 187
353 201
354 215
356 229
336 238
344 240
353 243
361 241
368 239
299 189
308 186
318 186
327 191
318 193
308 192
369 192
379 186
388 187
397 190
389 193
380 193
315 258
329 255
342 253
351 255
360 253
372 254
382 257
372 272
361 279
350 281
341 280
328 273
320 259
342 260
351 261
360 259
377 258
360 269
351 270
342 270
267 130 155 155