215 206
216 228
219 249
224 269
231 288
242 304
257 317
274 326
296 328
318 325
338 318
355 307
368 291
376 271
378 249
380 228
380 206
230 176
238 165
251 163
265 164
278 170
302 169
316 163
331 161
346 164
356 175
290 187
290 200
289 213
288 227
273 244
282 245
291 247
300 245
309 244
243 194
251 190
261 190
270 195
261 196
251 196
315 194
324 190
334 190
343 194
334 196
325 196
261 275
272 267
283 263
291 265
299 263
312 267
325 274
312 279
300 281
291 281
283 281
273 278
266 274
283 272
291 273
299 272
320 274
299 271
291 271
284 270
197 136 186 186