324 184
322 206
322 229
324 250
332 269
344 287
359 301
375 313
393 317
411 314
425 302
438 287
450 270
460 252
467 233
471 213
471 193
345 161
354 153
368 151
381 154
395 160
422 161
433 156
445 154
456 156
463 164
409 183
410 197
411 210
412 224
390 236
398 238
406 240
414 239
422 237
358 182
367 180
377 180
384 185
376 187
366 186
426 188
435 183
444 184
451 188
444 191
435 190
373 264
385 257
397 253
404 255
412 254
420 258
425 267
418 278
408 284
400 285
392 283
382 277
378 264
396 262
403 263
411 262
421 267
409 271
402 272
395 271
319 130 155 155