265 193
266 212
267 231
271 249
279 265
293 278
309 289
326 296
344 298
361 295
374 284
385 270
395 255
401 238
404 221
405 203
403 187
280 171
289 161
303 158
316 160
330 166
355 167
366 162
377 159
388 160
396 167
344 186
346 199
349 212
352 225
332 233
341 236
349 238
356 235
362 233
295 189
303 186
312 186
321 191
312 192
303 192
361 190
369 186
378 186
385 189
379 192
370 192
312 248
326 248
339 247
348 248
356 246
366 246
376 247
366 256
356 261
347 263
338 262
325 258
316 250
339 253
347 254
355 252
372 248
355 253
347 255
338 254
267 130 155 155