278 175
277 197
277 220
281 242
291 261
305 278
321 293
338 304
359 306
380 302
397 289
413 274
427 256
437 235
442 213
444 190
443 169
295 146
304 136
318 133
333 134
347 140
372 138
386 132
401 130
415 132
424 142
361 161
362 175
363 188
363 203
342 217
351 220
361 222
370 220
379 219
311 166
319 162
329 162
338 167
329 168
319 169
383 166
392 162
402 163
411 166
402 168
393 168
327 251
340 244
352 239
360 241
368 239
380 244
390 251
379 258
368 261
358 262
349 261
339 258
332 251
352 249
360 250
368 250
385 251
367 249
359 249
351 249
259 95 186 185