273 174
272 196
273 218
277 240
288 259
303 276
320 290
338 301
359 304
379 300
395 286
409 270
422 251
431 231
436 209
437 187
435 167
298 147
308 138
320 135
334 136
348 141
375 140
387 135
399 132
411 134
419 143
363 163
365 176
366 189
368 203
346 218
355 220
364 222
373 220
381 218
313 167
321 165
330 164
339 167
331 169
321 170
383 166
392 163
401 164
408 167
400 169
392 169
328 250
341 242
354 239
362 241
370 239
381 243
390 250
380 256
369 260
360 260
352 259
340 255
333 249
354 248
362 249
370 249
385 249
369 248
361 249
353 248
259 95 186 185