262 221
263 243
265 265
269 286
277 305
290 322
305 335
322 344
342 347
363 344
381 335
397 323
410 306
418 287
422 264
425 242
426 220
279 193
289 184
302 183
316 186
329 192
352 191
366 186
381 183
395 185
406 194
340 208
340 223
340 238
341 254
323 266
332 269
341 271
350 269
359 267
292 211
301 207
311 207
320 213
311 214
301 215
364 213
373 208
384 208
392 212
384 215
373 215
313 295
323 289
333 285
341 288
349 286
361 290
372 297
361 304
349 307
340 307
332 306
322 302
318 295
333 295
341 296
349 295
367 296
349 295
340 296
333 295
239 157 185 185