198 256
198 276
200 296
205 315
212 332
224 346
238 358
253 366
271 368
291 366
308 359
322 348
334 334
342 317
346 299
349 279
350 261
216 227
224 217
237 215
250 217
263 223
281 224
294 219
309 218
322 221
331 232
271 239
271 252
270 263
270 276
254 291
262 292
271 294
280 293
288 292
228 244
236 242
244 242
253 245
244 246
236 246
293 246
302 244
310 244
318 248
310 248
301 248
245 320
254 312
263 308
271 310
278 308
288 313
299 322
289 327
279 329
271 329
262 329
254 326
250 319
263 317
271 318
278 317
294 321
278 318
271 318
263 317
199 199 154 155