255 223
256 246
259 270
263 292
271 313
285 332
301 347
319 357
341 361
364 358
384 347
401 333
415 314
425 292
428 268
431 243
431 219
269 196
278 185
292 184
307 187
321 192
348 192
363 185
379 182
395 184
407 195
334 210
334 227
334 243
335 260
316 274
326 276
336 278
346 276
357 274
284 215
294 211
304 211
313 217
304 219
293 219
361 217
371 211
382 211
392 215
383 218
372 219
306 305
318 299
329 295
337 298
346 296
360 300
374 305
360 313
347 316
337 317
328 316
317 312
311 305
329 305
337 306
346 305
368 305
346 305
337 305
329 304
239 157 185 185