211 249
212 272
216 296
221 318
231 339
245 357
261 371
279 381
299 383
320 380
337 369
353 354
367 336
376 315
379 292
381 268
381 245
226 224
235 214
249 214
264 216
278 221
302 220
317 214
333 211
348 212
360 221
290 239
290 255
290 270
291 286
274 300
283 302
293 305
303 302
312 300
240 243
249 239
260 239
270 245
260 247
249 247
316 244
325 237
336 237
346 241
337 245
326 246
265 332
275 325
286 321
294 323
302 321
314 325
327 330
315 339
303 344
295 345
286 344
276 339
270 331
286 330
294 331
302 330
321 331
302 331
294 332
286 331
197 177 186 186