148 273
149 294
152 315
157 336
166 354
179 370
195 382
212 392
232 393
253 390
270 381
286 369
298 353
305 334
309 314
310 293
310 272
166 247
175 237
187 236
201 238
214 243
236 241
250 236
264 233
278 235
288 244
225 258
225 272
225 285
225 299
210 314
219 315
227 316
236 314
245 312
179 264
188 261
197 260
206 265
197 266
188 266
249 263
257 258
267 258
275 262
267 264
258 265
199 342
210 335
221 331
229 333
237 330
249 334
262 341
250 348
239 351
230 352
221 351
210 348
204 342
221 340
229 340
237 339
257 341
238 340
229 341
221 340
147 216 155 155