269 272
269 293
270 314
274 334
284 352
298 366
313 379
329 390
347 393
363 389
374 377
384 363
394 347
402 329
408 311
411 293
411 276
296 248
307 241
319 241
332 243
344 249
369 249
378 245
388 243
396 245
402 251
359 267
361 281
363 294
364 307
342 316
350 319
359 321
366 320
373 318
309 267
318 264
326 265
333 269
326 271
317 270
373 271
381 267
388 268
393 272
388 274
381 273
326 344
338 337
350 335
356 337
362 336
369 340
374 347
367 354
359 358
352 359
345 357
336 352
330 343
349 342
355 343
361 343
370 346
360 347
354 348
347 347
267 216 155 155