270 252
269 272
271 291
274 310
281 327
291 343
304 356
318 365
336 368
356 366
373 359
388 347
400 332
408 315
413 296
416 276
418 257
287 228
295 218
308 216
322 219
334 226
353 227
366 223
380 221
393 224
401 235
342 242
342 254
341 266
341 279
324 292
332 294
340 296
349 295
357 294
300 244
308 241
316 241
324 246
316 246
307 246
362 248
371 245
380 246
387 249
379 251
371 250
314 320
323 313
332 309
339 312
346 310
356 315
366 323
356 329
346 331
338 331
330 330
322 326
319 319
332 317
339 318
346 318
361 322
346 320
339 320
331 319
267 199 155 155