304 253
303 272
303 292
306 311
314 329
325 345
339 358
354 368
371 372
388 370
403 360
416 345
428 329
438 310
443 290
445 271
444 252
325 232
334 224
347 222
361 224
372 231
393 231
403 225
415 221
427 222
434 231
382 248
383 261
384 274
384 287
365 297
373 299
381 301
389 300
396 297
337 248
345 245
354 245
362 250
354 251
345 250
398 251
405 245
414 245
421 247
415 251
406 251
347 320
359 315
371 312
378 314
386 312
394 315
402 320
394 330
385 336
376 337
368 336
357 330
352 320
370 320
378 320
385 320
398 320
385 326
377 327
369 327
302 199 155 155