291 255
289 274
289 294
292 313
299 330
308 345
321 358
336 367
354 370
372 370
388 361
401 348
411 332
419 315
424 297
426 279
427 261
307 235
316 224
328 221
342 223
355 229
376 230
388 226
400 225
411 229
417 240
366 246
366 258
367 270
367 283
346 293
354 295
363 298
372 297
379 295
321 247
329 246
337 246
344 249
337 250
329 249
382 252
391 250
398 251
404 254
398 254
390 253
331 319
343 314
353 311
361 313
369 312
377 316
384 323
375 328
367 331
358 331
350 329
341 325
336 319
352 319
360 320
368 320
380 322
367 321
360 322
351 321
285 199 154 155