311 264
312 285
313 306
319 326
329 344
342 360
358 372
375 381
393 383
411 380
423 370
434 355
443 338
450 320
454 302
456 284
455 267
340 252
350 244
363 241
376 243
388 248
408 248
418 242
430 240
440 241
447 248
398 261
399 274
400 286
401 299
381 308
389 310
398 313
406 311
413 308
355 265
363 263
371 262
378 266
370 267
363 267
413 264
421 260
430 260
436 262
430 265
422 265
369 336
379 329
389 325
396 327
403 325
411 328
417 336
410 342
403 345
396 345
388 345
378 342
374 336
389 333
396 333
403 333
413 336
402 335
396 336
388 335
319 216 155 155