311 279
311 298
313 318
318 337
327 354
340 368
355 379
372 388
389 391
406 389
420 380
433 367
443 351
451 334
456 316
458 298
457 281
338 257
347 249
359 247
371 249
383 255
405 256
416 251
428 249
439 252
445 261
395 270
395 282
396 294
397 306
377 315
385 317
394 320
402 318
409 316
352 271
360 270
367 270
374 273
366 273
359 273
412 275
420 272
427 273
434 276
427 276
419 276
365 343
375 335
386 331
394 333
400 331
408 335
413 344
407 351
399 354
392 354
384 354
374 350
370 343
386 339
393 340
400 340
409 343
399 344
392 345
385 344
319 216 155 155