283 314
285 333
287 353
293 372
303 388
315 402
330 414
346 422
363 423
380 421
393 412
405 398
414 382
420 364
424 346
425 327
424 311
310 294
318 285
330 282
343 283
354 289
374 289
385 284
397 282
408 284
414 293
365 303
366 316
367 327
368 340
348 350
356 352
365 355
373 353
380 351
323 306
330 304
338 304
345 307
338 308
330 308
382 307
390 304
398 305
404 308
397 309
390 309
338 377
347 371
357 367
364 369
371 367
380 371
387 378
379 384
371 386
363 387
356 386
347 383
342 377
357 375
364 376
371 375
383 378
371 377
364 377
356 376
285 251 154 155