284 299
284 320
286 342
292 362
303 379
317 394
334 406
351 416
369 418
386 415
398 405
409 391
419 375
426 358
430 340
433 323
433 307
317 285
328 277
341 276
354 278
366 283
386 283
397 279
408 278
418 279
424 286
378 299
380 311
381 323
383 336
359 345
368 347
377 350
386 349
393 347
332 300
340 299
348 299
355 301
348 302
340 302
392 303
400 301
407 302
413 304
407 305
400 305
347 370
359 365
369 363
375 365
382 364
389 368
397 373
388 378
380 380
373 380
366 379
357 376
352 370
368 370
375 372
381 372
393 373
380 370
374 371
367 370
285 251 154 155