210 317
210 336
211 355
216 373
224 390
236 405
249 418
263 427
281 428
298 425
312 415
324 401
335 385
342 368
347 349
348 330
348 312
227 295
234 286
245 282
258 283
270 287
288 287
300 283
312 281
323 284
331 293
279 303
279 315
280 327
280 340
264 352
272 354
280 356
289 354
296 352
240 308
246 305
254 305
262 307
254 309
247 309
298 306
305 303
313 304
320 306
313 308
305 308
257 381
265 373
273 369
280 371
287 369
296 372
305 380
297 386
288 390
280 391
273 390
265 387
262 380
273 377
280 378
287 377
300 380
287 380
280 380
273 380
199 251 154 155